#Layer_Color=16711935
#
#Feature symbol names
#
$0 r3.937

#
#Feature attribute names
#

#
#Layer features
#
L 0.2720472 0.3911024 0.2720472 0.5288976 0 P 0
L 0.2720472 0.3911024 0.5279528 0.3911024 0 P 0
L 0.2720472 0.4816535 0.3625984 0.3911024 0 P 0
L 0.2720472 0.5288976 0.5279528 0.5288976 0 P 0
L 0.4653937 0.1604331 0.4653937 0.2395669 0 P 0
L 0.4653937 0.1604331 0.5146063 0.1604331 0 P 0
L 0.4653937 0.2395669 0.5146063 0.2395669 0 P 0
L 0.5146063 0.1604331 0.5146063 0.2395669 0 P 0
L 0.5279528 0.3911024 0.5279528 0.5288976 0 P 0
L 0.5803937 0.5154331 0.5803937 0.5945669 0 P 0
L 0.5803937 0.5154331 0.6296063 0.5154331 0 P 0
L 0.5803937 0.5945669 0.6296063 0.5945669 0 P 0
L 0.6296063 0.5154331 0.6296063 0.5945669 0 P 0
L 0.7303937 0.0706299 0.7303937 0.1493701 0 P 0
L 0.7303937 0.0706299 0.7796063 0.0706299 0 P 0
L 0.7303937 0.1493701 0.7796063 0.1493701 0 P 0
L 0.7303937 0.2106299 0.7303937 0.2893701 0 P 0
L 0.7303937 0.2106299 0.7796063 0.2106299 0 P 0
L 0.7303937 0.2893701 0.7796063 0.2893701 0 P 0
L 0.7796063 0.0706299 0.7796063 0.1493701 0 P 0
L 0.7796063 0.2106299 0.7796063 0.2893701 0 P 0
L 0.7903937 0.5106299 0.7903937 0.5893701 0 P 0
L 0.7903937 0.5106299 0.8396063 0.5106299 0 P 0
L 0.7903937 0.5893701 0.8396063 0.5893701 0 P 0
L 0.8396063 0.5106299 0.8396063 0.5893701 0 P 0
L 0.8853937 0.5106299 0.8853937 0.5893701 0 P 0
L 0.8853937 0.5106299 0.9346063 0.5106299 0 P 0
L 0.8853937 0.5893701 0.9346063 0.5893701 0 P 0
L 0.9346063 0.5106299 0.9346063 0.5893701 0 P 0
L 0.9403939 0.07563 0.9403939 0.1543702 0 P 0
L 0.9403939 0.07563 0.9896065 0.07563 0 P 0
L 0.9403939 0.1543702 0.9896065 0.1543702 0 P 0
L 0.9403939 0.21563 0.9403939 0.2943702 0 P 0
L 0.9403939 0.21563 0.9896065 0.21563 0 P 0
L 0.9403939 0.2943702 0.9896065 0.2943702 0 P 0
L 0.9803937 0.5106299 0.9803937 0.5893701 0 P 0
L 0.9803937 0.5106299 1.0296063 0.5106299 0 P 0
L 0.9803937 0.5893701 1.0296063 0.5893701 0 P 0
L 0.9896065 0.07563 0.9896065 0.1543702 0 P 0
L 0.9896065 0.21563 0.9896065 0.2943702 0 P 0
L 1.0296063 0.5106299 1.0296063 0.5893701 0 P 0
L 1.0703937 0.5106299 1.0703937 0.5893701 0 P 0
L 1.0703937 0.5106299 1.1196063 0.5106299 0 P 0
L 1.0703937 0.5893701 1.1196063 0.5893701 0 P 0
L 1.1196063 0.5106299 1.1196063 0.5893701 0 P 0
L 1.1382283 0.1085433 1.1382283 0.3014567 0 P 0
L 1.1382283 0.1085433 1.2917717 0.1085433 0 P 0
L 1.1382283 0.2514567 1.1882283 0.3014567 0 P 0
L 1.1382283 0.3014567 1.2917717 0.3014567 0 P 0
L 1.2917717 0.1085433 1.2917717 0.3014567 0 P 0
