#Layer_Color=32768
#
#Feature symbol names
#
$0 r1.9685

#
#Feature attribute names
#

#
#Layer features
#
L 0.2582677 0.2916929 0.2582677 0.6283071 0 P 0
L 0.2582677 0.2916929 0.5417323 0.2916929 0 P 0
L 0.2582677 0.6283071 0.5417323 0.6283071 0 P 0
L 0.4588977 0.1340551 0.4588977 0.265748 0 P 0
L 0.4588977 0.1340551 0.520315 0.1340551 0 P 0
L 0.4588977 0.265748 0.5079134 0.265748 0 P 0
L 0.5079134 0.265748 0.520315 0.265748 0 P 0
L 0.520315 0.1340551 0.520315 0.2095964 0 P 0
L 0.520315 0.2095964 0.520315 0.2168307 0 P 0
L 0.520315 0.2168307 0.520315 0.2312992 0 P 0
L 0.520315 0.2312992 0.520315 0.265748 0 P 0
L 0.5417323 0.2916929 0.5417323 0.6283071 0 P 0
L 0.5738977 0.4890551 0.5738977 0.620748 0 P 0
L 0.5738977 0.4890551 0.635315 0.4890551 0 P 0
L 0.5738977 0.620748 0.6229134 0.620748 0 P 0
L 0.6229134 0.620748 0.635315 0.620748 0 P 0
L 0.635315 0.4890551 0.635315 0.5645964 0 P 0
L 0.635315 0.5645964 0.635315 0.5718307 0 P 0
L 0.635315 0.5718307 0.635315 0.5862992 0 P 0
L 0.635315 0.5862992 0.635315 0.620748 0 P 0
L 0.7156299 0.0430709 0.7156299 0.1769291 0 P 0
L 0.7156299 0.0430709 0.7943701 0.0430709 0 P 0
L 0.7156299 0.1769291 0.7943701 0.1769291 0 P 0
L 0.7156299 0.1830709 0.7156299 0.3169291 0 P 0
L 0.7156299 0.1830709 0.7943701 0.1830709 0 P 0
L 0.7156299 0.3169291 0.7943701 0.3169291 0 P 0
L 0.7756299 0.4830709 0.7756299 0.6169291 0 P 0
L 0.7756299 0.4830709 0.8543701 0.4830709 0 P 0
L 0.7756299 0.6169291 0.8543701 0.6169291 0 P 0
L 0.7943701 0.0430709 0.7943701 0.1769291 0 P 0
L 0.7943701 0.1830709 0.7943701 0.3169291 0 P 0
L 0.8543701 0.4830709 0.8543701 0.6169291 0 P 0
L 0.8706299 0.4830709 0.8706299 0.6169291 0 P 0
L 0.8706299 0.4830709 0.9493701 0.4830709 0 P 0
L 0.8706299 0.6169291 0.9493701 0.6169291 0 P 0
L 0.9256301 0.048071 0.9256301 0.1819292 0 P 0
L 0.9256301 0.048071 1.0043703 0.048071 0 P 0
L 0.9256301 0.1819292 1.0043703 0.1819292 0 P 0
L 0.9256301 0.188071 0.9256301 0.3219292 0 P 0
L 0.9256301 0.188071 1.0043703 0.188071 0 P 0
L 0.9256301 0.3219292 1.0043703 0.3219292 0 P 0
L 0.9493701 0.4830709 0.9493701 0.6169291 0 P 0
L 0.9656299 0.4830709 0.9656299 0.6169291 0 P 0
L 0.9656299 0.4830709 1.0443701 0.4830709 0 P 0
L 0.9656299 0.6169291 1.0443701 0.6169291 0 P 0
L 1.0043703 0.048071 1.0043703 0.1819292 0 P 0
L 1.0043703 0.188071 1.0043703 0.3219292 0 P 0
L 1.0443701 0.4830709 1.0443701 0.6169291 0 P 0
L 1.0556299 0.4830709 1.0556299 0.6169291 0 P 0
L 1.0556299 0.4830709 1.1343701 0.4830709 0 P 0
L 1.0556299 0.6169291 1.1343701 0.6169291 0 P 0
L 1.0683465 0.0967323 1.0683465 0.3201575 0 P 0
L 1.0683465 0.0967323 1.3616535 0.0967323 0 P 0
L 1.0683465 0.3201575 1.3616535 0.3201575 0 P 0
L 1.1343701 0.4830709 1.1343701 0.6169291 0 P 0
L 1.3616535 0.0967323 1.3616535 0.3201575 0 P 0
